17073114832458550531
13094974362849908645
10532703126533192959
13501076693576984818
14299909079473748831
6138879553798023278
11711356729474841205
6637975309157404925
18366417413160191163
7222847383472771014
12859592736613066607
14047865439341991768
15934852270441746315
6730719072537597913
7848861934282232589
11717325765229425493
16604403594511500093
9322855982360581080
12324678189547737396
16386816999140701545
7440855358279615289
13605293350091913937
5734171051748823439
328825628200235618
6514830032800523750
2186628184352379470
4544919327861620725
3158403964431687644
15713790020847686318
12530183568322754746
17003740991997825445
11152756725508210243
11131033466152961937
14831016171558247797
10104343338492855789
11775483690811561775
17883855643656549835
17889247928252456484
14268654140372142334
1332551777441791747
17755096350431638571
16636917417156932156
993026643707012347
316186750679780421
3630683707990292669
1929350343010814336
3626164567667697218
13818665030344493053
18440374615376249723
10490262967400620336
229947795848878171
17282177911157150243
6153685709604319796
10553546577335720912
4220712988498818726
845461587273920790
18053010668237863507
13402324559108988077
5668661504058085233
16443611174910734897
11278398680705649823
3335065341007382230
9716154557782917901
3412415518249345013
12223504192198374626
13767982679358783948
12979855413651571281
10768472372836773999
17955986342031067509
453122949123608689
9634722103589847780
10004171602730845714
12067905262201007849
17210531486937597603
13552829270375830615
14727770695235926821
11891975717273494078
4828977151000550047
13074245328257484857
17484516467610735427
16669038830767312447
5829997601982557327
1446699521737897980
8106588542519351497
9969191471219340540
4667912130369025425
989664961026934391
2766259206464341821
6441974827234592093
13225710367335550720
16725972882119859045
790469532028716271
5303515126065846444
17917617905755196479
1032199625375945192
8509821965614749935
7017938200507755516
3844605641339651307
12122503052254530720
11874981399729989530
